RED
mean:[252.16152635 152.40805137  93.57734565]
cov:[[  9.26513121 -37.31779491 -21.68779137]
     [-37.31779491 387.94743064 228.53106602]
     [-21.68779137 228.53106602 189.12188744]]
pi:[0.59897148]

mean:[230.37233525 171.62158315 121.0135146 ]
cov: [[ 596.22083251  235.6915169    62.65293133]
      [ 235.6915169  1108.6769714   706.83031066]
      [  62.65293133  706.83031066  537.28323765]]
pi:[0.08908288]

mean:[237.03092141 214.56417343 131.05491014]
cov: [[  40.82748049 -112.97472246 -101.0973088 ]
      [-112.97472246  447.85877011  382.74532092]
      [-101.0973088   382.74532092  429.67233197]]
pi:[0.31194564][224.24308412 188.40766512 135.35937751][[ 513.08028843  352.57410638  189.91628892]
 [ 352.57410638 1421.76477916  881.23881318]
 [ 189.91628892  881.23881318  609.7800478 ]][0.14211061][243.82040195 187.27562985 115.37300701][[  60.89764822 -214.41121252 -129.23936416]
 [-214.41121252 1000.80112658  588.03967894]
 [-129.23936416  588.03967894  419.87880931]][0.68677214][254.77915359 142.38696293  89.39158317][[ 1.72772990e-01 -3.86259090e-01 -1.29844429e-01]
 [-3.86259090e-01  1.45855360e+02  1.14584737e+02]
 [-1.29844429e-01  1.14584737e+02  1.45921738e+02]][0.17111725]