[198.52851258 245.92232003 156.95888053][[405.95235374  14.57167719 256.60293682]
 [ 14.57167719  27.41013544  31.93758814]
 [256.60293682  31.93758814 234.29463999]][0.24017603][106.67782568 186.55604151 116.23520101][[130.62914369 156.4074056   71.10019976]
 [156.4074056  311.47821003  95.22541093]
 [ 71.10019976  95.22541093  67.39115444]][0.41947481][143.11443463 227.27641259 129.40975209][[297.74849462 192.95405216 136.55362279]
 [192.95405216 195.68659985  71.51763291]
 [136.55362279  71.51763291  88.74814044]][0.34034916][145.85367447 229.33504252 130.50776874][[267.68844795 147.12067433 133.39614562]
 [147.12067433 159.81581508  49.80439924]
 [133.39614562  49.80439924  94.65929345]][0.29864214][197.40240215 245.68696359 154.64136134][[403.92980109   6.12551991 243.85808718]
 [  6.12551991  24.20421411  29.22713264]
 [243.85808718  29.22713264 214.80791633]][0.24938503][107.44334583 189.26138203 116.32419582][[155.40240711 180.9066731   78.33404419]
 [180.9066731  330.25013577 102.67266542]
 [ 78.33404419 102.67266542  71.72121417]][0.45197282]